Sample rate:  44100
Onset Fun Size:  4300
Onset Fun Elements:  [0.        4.55964   1.0861689 ... 0.        0.        0.       ]
Peaks Timestamp Size:  990
Peaks Timestamp Elements:  [   1    4    7   14   19   22   25   30   38   46   50   58   60   66
   71   79   83   89   92   95   98  100  105  107  109  113  117  123
  126  131  136  138  143  146  151  153  159  164  168  173  175  179
  185  188  191  198  202  208  213  217  224  230  233  237  239  242
  248  252  258  260  264  268  274  281  284  288  294  296  299  306
  309  311  315  319  321  324  328  333  340  342  346  350  357  361
  365  367  370  373  379  384  388  393  396  406  413  417  420  425
  428  434  437  442  445  449  456  461  464  471  476  483  485  492
  498  503  506  510  514  516  519  523  528  532  535  539  543  551
  558  567  573  576  586  592  599  607  616  625  628  631  638  642
  644  647  650  654  656  659  662  666  674  680  685  687  691  694
  699  702  711  718  722  730  733  738  744  752  757  760  762  764
  769  772  775  778  781  787  789  791  793  796  799  806  813  819
  825  828  834  836  846  853  855  857  863  868  872  877  882  885
  887  890  893  895  899  902  904  906  912  917  920  924  928  931
  934  938  941  943  946  950  953  958  964  969  972  976  980  985
  987  997 1005 1007 1013 1016 1020 1023 1028 1031 1040 1044 1051 1055
 1057 1059 1062 1064 1066 1068 1074 1079 1086 1091 1094 1103 1112 1115
 1118 1121 1124 1127 1132 1134 1142 1150 1156 1160 1164 1167 1170 1172
 1178 1181 1184 1188 1194 1202 1207 1214 1218 1221 1225 1229 1233 1239
 1247 1250 1257 1264 1271 1275 1279 1288 1291 1301 1310 1313 1317 1320
 1326 1332 1335 1337 1340 1346 1351 1353 1358 1360 1364 1370 1378 1383
 1388 1390 1397 1402 1404 1410 1413 1418 1421 1423 1425 1428 1430 1434
 1436 1438 1442 1444 1448 1455 1460 1465 1467 1470 1472 1475 1479 1485
 1487 1490 1492 1496 1500 1503 1511 1515 1517 1520 1522 1524 1529 1534
 1539 1544 1547 1554 1560 1567 1570 1572 1576 1582 1586 1590 1592 1595
 1605 1610 1616 1619 1625 1628 1635 1639 1646 1652 1656 1662 1673 1680
 1683 1689 1694 1698 1704 1708 1711 1714 1717 1720 1723 1726 1729 1733
 1738 1741 1746 1751 1754 1758 1760 1769 1778 1785 1789 1793 1797 1800
 1804 1810 1819 1823 1826 1829 1831 1835 1838 1841 1845 1848 1854 1856
 1860 1862 1865 1872 1880 1885 1892 1895 1899 1901 1903 1908 1912 1917
 1920 1922 1924 1930 1935 1939 1943 1949 1952 1954 1956 1960 1967 1969
 1971 1973 1978 1983 1987 1991 1994 1997 2001 2004 2007 2013 2017 2019
 2025 2031 2036 2039 2043 2047 2051 2054 2064 2069 2071 2074 2080 2086
 2093 2095 2098 2100 2103 2108 2111 2114 2118 2121 2123 2128 2131 2136
 2140 2142 2146 2149 2152 2160 2166 2173 2179 2183 2185 2189 2192 2196
 2198 2200 2202 2208 2213 2216 2220 2223 2225 2230 2233 2238 2240 2242
 2247 2250 2255 2261 2264 2269 2272 2275 2280 2284 2287 2292 2298 2301
 2304 2306 2308 2312 2320 2322 2325 2332 2335 2338 2344 2346 2350 2353
 2357 2365 2370 2372 2380 2393 2397 2400 2405 2408 2413 2422 2425 2431
 2435 2437 2442 2448 2451 2454 2459 2463 2468 2473 2480 2483 2490 2492
 2494 2497 2502 2505 2509 2512 2517 2519 2522 2524 2527 2530 2535 2538
 2541 2546 2554 2561 2565 2568 2575 2581 2589 2591 2595 2598 2602 2604
 2609 2613 2616 2619 2625 2632 2637 2643 2647 2650 2656 2661 2663 2668
 2672 2676 2684 2687 2691 2698 2700 2704 2708 2710 2713 2719 2724 2726
 2730 2740 2746 2751 2755 2761 2764 2771 2775 2782 2784 2787 2789 2792
 2797 2801 2805 2813 2818 2821 2824 2827 2832 2836 2845 2847 2856 2859
 2863 2868 2871 2877 2880 2885 2890 2893 2895 2897 2902 2905 2908 2911
 2920 2924 2930 2934 2938 2940 2946 2959 2964 2970 2975 2980 2985 2987
 2990 2993 2997 3001 3004 3007 3010 3014 3017 3020 3023 3026 3030 3033
 3037 3045 3047 3052 3055 3058 3060 3064 3068 3071 3073 3075 3080 3086
 3091 3094 3098 3102 3105 3109 3113 3117 3120 3123 3126 3131 3136 3138
 3144 3147 3153 3158 3163 3167 3173 3178 3181 3185 3188 3190 3192 3197
 3201 3205 3209 3213 3224 3228 3230 3236 3245 3252 3254 3259 3262 3265
 3268 3273 3276 3280 3284 3288 3290 3297 3302 3305 3309 3311 3314 3319
 3322 3326 3330 3333 3336 3341 3346 3355 3359 3361 3365 3368 3372 3376
 3380 3386 3391 3397 3401 3405 3410 3413 3421 3425 3428 3431 3434 3447
 3450 3452 3456 3463 3467 3472 3476 3480 3486 3492 3497 3502 3504 3508
 3512 3518 3521 3524 3526 3530 3535 3539 3543 3546 3551 3553 3557 3564
 3569 3571 3575 3581 3588 3593 3597 3601 3609 3613 3620 3626 3632 3635
 3644 3647 3654 3658 3662 3665 3668 3672 3677 3684 3688 3694 3701 3705
 3710 3713 3717 3720 3723 3730 3733 3735 3738 3744 3750 3752 3754 3759
 3761 3764 3769 3772 3776 3780 3785 3792 3796 3807 3813 3817 3821 3825
 3830 3832 3838 3841 3843 3847 3855 3863 3868 3870 3880 3886 3890 3893
 3898 3903 3913 3920 3925 3932 3935 3939 3944 3946 3954 3960 3963 3965
 3969 3972 3975 3980 3985 3989 3993 3997 4000 4005 4008 4013 4018 4025
 4027 4030 4035 4037 4039 4042 4047 4051 4054 4059 4062 4066 4073 4080
 4085 4087 4090 4093 4097 4100 4103 4112 4114 4119 4122 4125 4127 4131
 4135 4138 4141 4146 4153 4155 4158 4161 4165 4167 4169 4172 4176 4180
 4190 4192 4197 4205 4207 4210 4213 4220 4226 4228 4230 4233 4235 4237
 4239 4242 4244 4247 4252 4254 4257 4261 4266 4270]
Peaks Value Size:  990
Peaks Value Elements:  [4.55963993e+00 7.84841597e-01 1.49700046e+00 4.82830238e+00
 1.81532490e+00 9.69325900e-01 8.67902637e-01 9.02156677e+02
 1.11429346e+03 1.05466724e+03 1.86526123e+02 9.60793533e+01
 1.29954330e+02 8.32666092e+01 6.57176437e+01 9.34978638e+01
 1.83848618e+02 1.14842529e+02 1.03445847e+02 5.74245262e+01
 5.07791290e+01 6.21162949e+01 5.55705185e+01 3.94181061e+01
 3.79906616e+01 2.87916840e+02 6.61104004e+02 2.49808868e+02
 2.82446823e+01 4.03526611e+02 1.06162491e+01 1.31049328e+01
 1.03742800e+01 1.72241760e+03 1.04937737e+02 5.98767242e+01
 9.67719841e+00 1.37824173e+01 3.46475830e+01 4.44560242e+00
 6.16092443e+00 6.08281006e+02 4.02942181e+00 4.94941711e+00
 3.33630133e+00 3.71644897e+02 4.06254730e+01 6.28947783e+00
 1.09981250e+03 5.89158783e+01 1.08221712e+01 1.69910717e+01
 1.64985142e+01 1.03797646e+01 7.84311485e+00 2.50862694e+00
 1.03298901e+03 5.98867264e+01 9.52450371e+00 1.34368916e+01
 3.56289864e+01 1.07640228e+01 4.68803930e+00 1.37088159e+03
 1.00160042e+02 7.71268539e+01 1.71940632e+01 1.19405460e+01
 9.28928375e+00 5.45449066e+00 3.86617279e+00 4.12438774e+00
 6.87034973e+02 6.14516735e+00 6.68856144e+00 5.20819902e+00
 2.44941759e+00 2.74610718e+02 3.70598340e+00 4.67441082e+00
 9.55991211e+02 3.40201721e+01 6.79589310e+01 2.84494820e+01
 1.30949306e+01 6.98158216e+00 1.23506680e+01 1.05245619e+01
 1.20291040e+03 9.62902164e+00 9.13804340e+00 3.49234986e+00
 9.63992233e+01 5.86323357e+00 1.70065698e+03 5.78972321e+01
 4.01380501e+01 6.02839050e+01 1.07076782e+02 2.04592590e+01
 6.62437963e+00 9.15184860e+01 3.39120789e+01 8.53632736e+00
 4.96819735e+00 2.31769867e+02 1.63895599e+02 6.74938059e+00
 1.60201501e+03 1.06799973e+02 1.92659683e+02 1.56337830e+03
 7.82135239e+01 2.26167374e+01 1.09448938e+01 1.22486658e+03
 1.37874725e+02 1.35208588e+02 7.55605087e+01 5.52776947e+01
 2.65287201e+02 9.48234634e+01 2.68700523e+01 1.37327795e+01
 1.15125928e+03 1.72022034e+02 1.67224609e+02 9.50493408e+02
 2.00096474e+01 3.17769699e+01 3.89379364e+02 2.23449173e+01
 4.02613312e+02 2.41131546e+02 1.81923355e+02 3.20003242e+01
 4.77582970e+01 1.27341270e+02 7.76121979e+01 1.08986191e+02
 1.06536530e+02 9.32196198e+01 1.07298988e+02 5.78392792e+01
 4.49751472e+01 4.29446526e+01 1.18777390e+01 2.27309189e+01
 7.07408524e+00 1.60516772e+03 7.43112030e+01 8.47817459e+01
 2.23541908e+01 4.92652664e+01 6.79319382e+00 1.96908798e+01
 7.04106812e+02 9.84953117e+00 5.85209703e+00 6.05581726e+02
 9.82694092e+01 4.72877121e+00 9.35519775e+02 1.73229767e+02
 5.57843704e+01 3.81924019e+01 2.11581039e+01 2.61395988e+01
 7.85726261e+00 3.29065299e+00 5.62655878e+00 1.52997522e+03
 8.03306580e+01 3.67384872e+01 2.54431877e+01 3.16794968e+01
 1.44037552e+01 4.91285591e+01 6.50430298e+01 5.37577057e+00
 1.83244800e+03 5.18023033e+01 2.45998631e+01 8.80487919e+00
 5.59888363e+00 4.70802689e+00 5.32199829e+02 2.76717305e+00
 2.90342903e+00 3.25109482e+00 4.41635498e+02 1.38813963e+01
 3.98437858e+00 7.95418823e+02 1.22206707e+01 1.46607370e+01
 2.06687012e+01 4.51587105e+01 1.91049671e+01 1.28842278e+01
 2.28670845e+01 1.72504959e+01 2.58958569e+01 1.61737919e+01
 7.74520691e+02 5.84601641e+00 7.05006599e+00 4.18041229e+00
 4.08983231e+00 6.48260403e+00 5.35016489e+00 2.27418184e+00
 2.85646200e+00 1.48280227e+00 1.61144067e+03 4.28349724e+01
 7.53346939e+01 2.01750050e+01 1.61866741e+01 3.92290258e+00
 3.92541647e+00 1.23452024e+01 7.02545471e+02 4.67527866e+00
 7.27707481e+00 7.62841553e+02 1.29042236e+02 2.30949936e+01
 1.17724594e+02 3.03296013e+01 2.97253346e+00 3.63929224e+00
 3.75169873e+00 6.40432373e+02 7.23748398e+00 1.04806116e+03
 3.61944008e+01 2.21648636e+01 1.59151516e+01 1.25611439e+01
 1.56039410e+01 2.60253239e+01 1.30882378e+01 1.22194176e+01
 1.91127086e+00 1.51583350e+03 7.32569427e+01 1.87024441e+01
 5.22982666e+02 8.67608948e+02 1.16386377e+03 1.82196533e+02
 1.22417313e+02 1.14037804e+02 4.93126678e+01 4.45510025e+01
 4.51600189e+01 3.58806725e+01 1.23403540e+01 2.63049133e+02
 1.24501869e+02 8.44441071e+01 5.26998444e+01 3.29404449e+01
 2.87024441e+01 3.22019043e+01 2.24583282e+02 1.41402267e+02
 3.17710419e+02 1.60770218e+02 1.24361313e+02 3.43999878e+02
 1.09886408e+01 1.46145483e+03 8.67052612e+01 5.44083939e+01
 2.66753139e+01 1.61586094e+01 1.21512709e+01 9.01075554e+00
 5.25619507e+02 8.83848095e+00 6.85111618e+00 4.15140900e+02
 6.10621643e+00 2.91059279e+00 7.95854492e+02 2.80168896e+01
 5.62897644e+01 6.62932816e+01 4.89802361e+00 1.27084937e+03
 2.35922375e+01 4.14054832e+01 1.37917118e+01 4.52420731e+01
 1.40824633e+01 2.16629362e+00 5.83478069e+00 1.59889661e+03
 5.80755005e+01 5.68255196e+01 1.45171089e+01 1.79443359e+01
 6.49144173e+00 7.85941887e+00 4.42685913e+02 1.18008289e+01
 3.34146976e+00 4.46589994e+00 3.89941681e+02 2.27046061e+00
 4.11857843e+00 7.43115112e+02 1.69123810e+02 3.85492706e+01
 4.87045746e+01 3.76365967e+01 4.42149811e+01 4.22723961e+01
 3.74918365e+01 6.44042435e+01 2.78295784e+01 3.29598274e+01
 2.38429413e+01 2.42221298e+01 8.19769363e+01 1.22325344e+01
 6.37091637e+00 4.38531542e+00 3.70664120e+00 3.15618992e+00
 3.94201684e+00 2.29048467e+00 1.53390723e+03 4.21353340e+01
 2.81087837e+01 1.35992060e+01 3.01900635e+01 7.75934076e+00
 5.86535549e+00 6.25832510e+00 5.64822327e+02 8.51034164e+00
 1.16905441e+01 3.66775346e+00 2.53239346e+00 3.84999418e+00
 3.32585632e+02 4.88764839e+01 5.44429474e+01 1.56296460e+03
 4.70728516e+02 2.36671951e+02 1.39006934e+03 5.23362274e+01
 1.09134254e+01 1.11589012e+01 1.31915100e+03 1.31595490e+02
 8.23154602e+01 4.80314026e+01 5.25214767e+01 2.83024536e+02
 1.95355492e+01 1.46807568e+03 1.08158997e+02 1.72289444e+02
 1.08850006e+02 1.12360550e+02 9.47983521e+02 2.63745789e+02
 4.65995369e+01 2.78696289e+02 1.67510967e+01 3.85072906e+02
 1.30539520e+02 2.16746017e+02 9.61146164e+01 2.24431782e+01
 5.61285973e+01 1.09787918e+02 7.33132019e+01 1.03553986e+02
 1.11480156e+02 8.09955368e+01 1.06957489e+02 6.58586273e+01
 3.81676216e+01 3.48645554e+01 1.19268093e+01 2.41516285e+01
 1.16297312e+01 7.72102880e+00 1.70810095e+03 7.75589294e+01
 8.10830383e+01 2.04048595e+01 5.00838699e+01 2.24296856e+01
 7.74105103e+02 8.57598591e+00 6.45892525e+00 3.18613029e+00
 5.54203064e+02 8.84056244e+01 4.34293652e+00 8.26407715e+02
 1.56724915e+02 6.63601074e+01 2.82070961e+01 2.08366585e+01
 2.35009766e+01 7.82447481e+00 2.94471383e+00 5.25449610e+00
 1.50786780e+03 1.03208351e+02 3.88202667e+01 2.65740871e+01
 1.91206837e+01 4.89932442e+01 6.69329376e+01 7.87012529e+00
 1.56629736e+03 5.31571465e+01 2.54058247e+01 8.30374050e+00
 5.31132126e+00 5.58884335e+00 4.44873428e+00 3.91759205e+00
 4.67471649e+02 2.48594332e+00 2.83071494e+00 2.90436625e+00
 3.20543718e+00 5.23406738e+02 9.63663864e+00 3.65496469e+00
 6.68449890e+02 1.08857327e+01 1.67517090e+01 2.17791767e+01
 5.34940147e+01 1.46291132e+01 1.87436943e+01 2.06909485e+01
 2.46290703e+01 1.37377214e+01 7.82764282e+02 5.31238508e+00
 6.68359947e+00 3.96574163e+00 4.33834457e+00 6.81133556e+00
 5.38115788e+00 1.72659636e+00 2.34723139e+00 1.62679443e+03
 4.41076317e+01 7.35032349e+01 2.05815582e+01 1.99917164e+01
 4.18810177e+00 3.57623792e+00 1.06940718e+01 7.48564697e+02
 6.94433260e+00 7.41844416e+00 7.75089417e+02 4.35530128e+01
 9.97390823e+01 2.96576900e+01 1.21495435e+03 1.17714508e+02
 3.71032791e+01 4.35682144e+01 3.83135338e+01 2.90682640e+01
 3.62082100e+01 3.48787422e+01 2.67889881e+01 2.16072521e+01
 3.29570045e+01 9.98147392e+00 4.06487656e+00 4.93492794e+00
 3.09123421e+00 6.51498795e+00 1.96625233e+00 4.01615143e+00
 3.39188218e+00 4.24683046e+00 3.06589556e+00 1.15453162e+03
 1.12332910e+03 1.27182043e+03 2.70384308e+02 1.18538628e+02
 1.49511871e+02 1.04537277e+02 1.04753098e+02 7.28290787e+01
 3.17550812e+01 3.25458488e+01 2.61141357e+01 5.40270195e+01
 7.53082153e+02 1.92946686e+02 1.80890305e+02 1.14257835e+02
 1.29424042e+02 1.99505630e+02 1.40392776e+02 4.59481354e+01
 6.03699455e+01 6.62798843e+01 4.31880676e+02 5.25915466e+02
 2.33717590e+02 3.99880486e+01 6.47982178e+02 1.36870041e+01
 1.29904709e+01 1.20682087e+01 2.09818604e+03 1.24745735e+02
 7.94048157e+01 1.66217957e+01 4.36891785e+01 1.94430065e+01
 8.53510761e+00 8.54541111e+00 6.94815636e+00 5.67291016e+02
 5.67610359e+00 6.61446905e+00 3.81788063e+00 3.73275848e+02
 2.70743835e+02 1.61462135e+01 3.17267670e+02 7.02672852e+02
 6.58489761e+01 5.74294853e+00 2.72332954e+01 2.18559914e+01
 1.12560253e+01 8.94577980e+00 1.00278949e+03 1.47074118e+01
 6.11886047e+02 5.18238983e+01 4.32153969e+01 3.37312531e+00
 2.45462402e+03 8.78695374e+01 9.87012863e+00 5.54941528e+02
 1.30878305e+01 2.49741993e+01 1.89939651e+01 5.98701660e+02
 1.50765333e+01 4.31405182e+01 8.85733604e+00 1.72578411e+01
 3.61025726e+02 1.05134459e+01 9.98914001e+02 7.16581879e+01
 6.58971786e+01 5.36115341e+01 3.99849815e+01 2.60894409e+02
 6.19111443e+00 6.57777939e+01 2.56043606e+01 1.09660559e+03
 9.87071419e+00 1.39112272e+01 4.44839249e+01 7.36656809e+00
 1.31265430e+01 1.06554512e+02 2.89116425e+02 2.30971742e+00
 2.77248430e+00 2.23724512e+03 3.18659210e+01 1.14717331e+02
 8.16372299e+01 3.96397369e+02 8.32657318e+01 2.65607910e+02
 6.02886915e+00 2.65907311e+00 2.06009064e+02 2.04446472e+02
 2.36114929e+02 4.83988190e+00 1.59468958e+03 5.06679199e+02
 1.26456985e+02 2.21435898e+02 1.63555127e+03 8.08922119e+01
 2.38106251e+01 1.23668933e+03 6.20284241e+02 1.78494614e+02
 5.44297371e+01 2.78931793e+02 6.15434204e+02 5.65403175e+01
 2.09809151e+01 1.03632056e+03 1.57209457e+02 1.12455734e+02
 1.59794983e+02 3.05099487e+02 7.89054321e+02 7.15029221e+01
 1.93298149e+01 3.31660156e+01 5.79024780e+02 3.71562134e+02
 3.38196259e+01 2.50241852e+01 1.05364868e+03 2.54476135e+02
 7.56974121e+02 6.62717438e+01 3.28346100e+01 7.77107544e+01
 3.07277344e+02 1.50471161e+02 1.24172638e+02 1.90291504e+02
 8.45494461e+01 7.81194534e+01 5.75799637e+01 3.86433487e+01
 5.73716309e+02 1.75355244e+01 1.15245810e+01 2.16325366e+03
 8.64444427e+01 8.21531372e+01 1.18417425e+01 5.78926468e+01
 2.94011707e+01 1.40296898e+01 7.21524780e+02 2.44786255e+02
 5.87967062e+00 3.12762928e+00 5.15437683e+02 3.78410858e+02
 4.88617706e+00 1.12262170e+03 5.63035583e+02 1.25335205e+02
 6.76262054e+01 3.74012680e+01 2.06909084e+01 2.57103081e+01
 8.67305374e+00 3.50707531e+00 5.66086435e+00 1.22545435e+03
 3.66080208e+01 3.07108536e+01 5.73856445e+02 6.47239075e+01
 3.11780529e+01 1.74276772e+01 1.64202588e+03 2.29812050e+01
 8.18150757e+02 1.92980595e+01 9.43649769e+00 8.96268860e+02
 1.37804699e+01 6.94943619e+01 1.96310024e+01 1.41741285e+01
 4.84676788e+02 3.47575378e+01 7.12471247e+00 2.02469997e+01
 7.18836365e+02 5.04374664e+02 2.64580593e+01 3.48910255e+01
 8.62701569e+01 3.41861420e+01 1.99249741e+02 8.74313354e+01
 3.17185535e+01 8.79470154e+02 5.38713623e+02 1.04149847e+01
 4.91630821e+01 7.28107023e+00 8.04140472e+00 2.45264099e+02
 8.38871098e+00 1.72765911e+00 2.39189482e+00 2.30012417e+00
 1.70809619e+03 4.60996323e+01 1.90797367e+01 7.64687014e+00
 6.69995804e+01 5.03996086e+00 4.28481388e+00 1.17220612e+01
 9.00048340e+02 2.39770203e+01 3.16679621e+00 5.59478569e+00
 4.22548246e+00 6.07800659e+02 5.80845795e+01 1.33068985e+02
 3.24652313e+02 6.88535400e+02 2.31066728e+00 2.77201295e+00
 7.97537109e+02 7.26120605e+01 1.05750237e+01 8.51286194e+02
 1.39749817e+02 1.59522362e+01 2.89717064e+01 1.72009239e+01
 1.61091785e+01 6.96268433e+02 4.23633842e+01 4.55679512e+01
 7.93707085e+00 1.78660571e+03 1.49353170e+01 5.04705505e+02
 6.53658875e+02 9.66035583e+02 1.23200159e+03 1.41840042e+02
 1.22799980e+02 4.81009750e+01 3.96113815e+01 5.46683922e+01
 6.06073685e+01 1.75997887e+01 3.30477448e+01 8.47284302e+02
 2.60495392e+02 1.36623245e+02 1.10335770e+02 2.13637146e+02
 3.55275459e+01 7.43959351e+01 1.00962448e+02 2.49553711e+02
 3.25646790e+02 2.73370209e+02 1.86805801e+02 1.31532776e+02
 4.77098083e+02 1.67082157e+01 2.89219818e+02 1.46067877e+01
 2.13875146e+03 5.04216309e+01 3.65367241e+01 2.30925083e+01
 4.34484482e+01 8.55866051e+00 1.32892046e+01 1.15762959e+01
 8.08512024e+02 7.80602455e+00 6.47610331e+00 3.18899689e+02
 2.64256287e+02 1.52375908e+01 2.99805725e+02 8.56757507e+02
 2.95174465e+01 5.07874413e+01 2.00456734e+01 4.38562126e+01
 7.44085236e+01 9.54859436e+02 3.41932220e+01 3.05421162e+01
 1.58804016e+01 6.09207947e+02 4.54442825e+01 2.90837879e+01
 3.24959898e+00 2.05863477e+03 5.33015594e+01 1.63088665e+01
 5.14148987e+02 1.94580822e+01 3.98151703e+01 2.70155964e+01
 3.98608704e+02 1.56861906e+01 4.75835075e+01 9.84350777e+00
 8.61262703e+00 3.76704437e+02 2.35174942e+02 7.23408079e+00
 5.66535767e+02 5.78910217e+02 6.03811798e+01 3.62554207e+01
 3.49305725e+01 2.29183060e+02 3.41229248e+01 3.20469551e+01
 3.34661827e+01 2.74613007e+02 5.51429977e+01 1.20490980e+01
 4.45038948e+01 4.14516357e+02 6.80632782e+00 2.27240503e+03
 2.32882767e+01 2.56326370e+01 3.27694130e+01 2.90680725e+02
 5.65679260e+02 2.53051682e+02 2.12293339e+00 4.55478430e+00
 3.55914337e+02 8.51692963e+01 3.23649323e+02 4.43897896e+01
 1.54249719e+03 1.15200851e+02 1.87103302e+02 1.37792749e+03
 6.55856171e+01 9.25204372e+00 1.35132349e+03 6.01993591e+02
 8.14505844e+01 8.19891739e+01 4.47722931e+01 6.74593933e+02
 9.18454590e+01 6.72800446e+01 3.64729996e+01 1.25760156e+03
 1.30218033e+02 1.59979614e+02 1.74708679e+02 1.09208672e+02
 1.10216812e+02 2.48593857e+02 8.20269958e+02 2.46650497e+02
 2.32621441e+01 6.60276489e+02 2.75265839e+02 2.31179466e+01
 9.62522339e+02 1.30866028e+02 8.13103149e+02 9.28359222e+01
 5.82754555e+01 5.45322571e+01 1.50939713e+02 1.44873047e+02
 6.20615387e+01 5.01814766e+01 7.80509033e+01 2.17862564e+02
 3.02145935e+02 3.91478729e+02 1.67222042e+01 1.06807184e+01
 2.09793579e+03 5.03097916e+01 3.03158512e+01 7.66592255e+01
 6.50279312e+01 2.33270988e+01 3.75632507e+02 3.72814026e+01
 1.24077969e+01 1.53152328e+02 7.63720337e+02 1.03388206e+02
 2.72624725e+02 7.40281921e+02 8.54952164e+01 5.45683746e+01
 5.10390625e+01 4.40033798e+01 5.75733795e+01 1.05451202e+01
 4.17780209e+00 1.06106616e+03 2.76482563e+01 2.34379578e+01
 2.81859703e+01 4.85338196e+02 6.09163132e+01 3.62652435e+01
 3.53031731e+00 1.68134338e+03 6.93025818e+01 1.64017735e+01
 1.98973198e+01 7.55155945e+02 9.81363297e+00 2.60215969e+01
 1.74275627e+01 1.78037128e+01 1.21416724e+03 2.51000462e+01
 6.62990417e+01 1.19833994e+01 1.05342903e+01 4.65916443e+02
 1.83354778e+01 8.94561279e+02 1.59682941e+01 5.33688545e+01
 8.16567917e+01 2.67289486e+01 2.28924759e+02 9.07135239e+01
 3.64954300e+01 7.82712891e+02 5.52212219e+02 2.16897354e+01
 4.83292694e+01 7.35075903e+00 9.24898911e+00 2.53409225e+02
 8.78155136e+00 1.64783859e+00 2.89624429e+00 1.81187476e+03
 4.99843140e+01 1.74820366e+01 2.07237263e+01 6.51322508e+00
 5.72571640e+01 3.79828262e+00 4.36829472e+00 5.27355099e+00
 1.11751347e+01 1.01851910e+03 5.89569855e+00 3.53928232e+00
 6.84298401e+02 1.33286423e+02 2.75457077e+01 3.01595215e+02
 8.92511963e+02 1.32140045e+02 3.24605255e+01 6.60035477e+01
 3.44449081e+01 3.05115452e+01 3.58266602e+01 2.86344051e+01
 2.14741840e+01 3.51601601e+01 2.68053169e+01 2.60030861e+01
 2.41426735e+01 6.68808699e+00 5.06743002e+00 5.24677563e+00
 8.31793213e+00 1.00378408e+01]
Peaks Value Size (after parsing):  105
Peaks Value Elements (after parsing):  [ 397851.1   491403.4   465108.25  759586.2   485017.3   455548.16
  604558.8   421592.12  530483.5   749989.75  706488.6   689449.8
  540166.2   507705.34  419167.6   707878.94  412564.22  674719.06
  808109.56  350779.7   341563.62  710645.3   336413.12  462194.97
  668482.56  382615.53  513263.94  644501.56  350971.84  560444.56
  705113.4   327713.75  676453.06  689267.4   613020.56  581745.56
  647421.4   418060.72  753272.5   341380.34  364445.8   664969.7
  690737.1   345199.06  717416.4   330117.03  341814.44  535794.9
  509148.44  495388.12  560872.8   332109.22  925300.06  442230.16
 1082489.2   440521.06  483603.06  986625.1   703258.1   721278.1
  545380.    457017.38  347972.97  464659.06  333825.6   953994.9
  495076.16  540425.4   724133.44  360804.47  395254.56  387846.34
  753270.44  396921.3   351713.88  375417.22  787893.1   426021.7
  543312.7   373652.38  943189.4   356553.8   377830.06  421093.
  907857.94 1002130.6   680241.25  607666.    595933.7   554602.3
  361739.06  424472.34  358578.5   925189.7   336800.66  326464.3
  467930.2   741472.44  333023.78  535447.75  394501.53  345176.38
  799036.75  449166.94  393597.78]
Start & Ends:  [[397851.09375, 422426.09375], [491403.40625, 515978.40625], [465108.25, 489683.25], [759586.1875, 784161.1875], [485017.3125, 509592.3125], [455548.15625, 480123.15625], [604558.8125, 629133.8125], [421592.125, 446167.125], [530483.5, 555058.5], [749989.75, 774564.75], [706488.625, 731063.625], [689449.8125, 714024.8125], [540166.1875, 564741.1875], [507705.34375, 532280.34375], [419167.59375, 443742.59375], [707878.9375, 732453.9375], [412564.21875, 437139.21875], [674719.0625, 699294.0625], [808109.5625, 832684.5625], [350779.6875, 375354.6875], [341563.625, 366138.625], [710645.3125, 735220.3125], [336413.125, 360988.125], [462194.96875, 486769.96875], [668482.5625, 693057.5625], [382615.53125, 407190.53125], [513263.9375, 537838.9375], [644501.5625, 669076.5625], [350971.84375, 375546.84375], [560444.5625, 585019.5625], [705113.375, 729688.375], [327713.75, 352288.75], [676453.0625, 701028.0625], [689267.375, 713842.375], [613020.5625, 637595.5625], [581745.5625, 606320.5625], [647421.375, 671996.375], [418060.71875, 442635.71875], [753272.5, 777847.5], [341380.34375, 365955.34375], [364445.8125, 389020.8125], [664969.6875, 689544.6875], [690737.125, 715312.125], [345199.0625, 369774.0625], [717416.375, 741991.375], [330117.03125, 354692.03125], [341814.4375, 366389.4375], [535794.875, 560369.875], [509148.4375, 533723.4375], [495388.125, 519963.125], [560872.8125, 585447.8125], [332109.21875, 356684.21875], [925300.0625, 949875.0625], [442230.15625, 466805.15625], [1082489.25, 1107064.25], [440521.0625, 465096.0625], [483603.0625, 508178.0625], [986625.125, 1011200.125], [703258.125, 727833.125], [721278.125, 745853.125], [545380.0, 569955.0], [457017.375, 481592.375], [347972.96875, 372547.96875], [464659.0625, 489234.0625], [333825.59375, 358400.59375], [953994.875, 978569.875], [495076.15625, 519651.15625], [540425.375, 565000.375], [724133.4375, 748708.4375], [360804.46875, 385379.46875], [395254.5625, 419829.5625], [387846.34375, 412421.34375], [753270.4375, 777845.4375], [396921.3125, 421496.3125], [351713.875, 376288.875], [375417.21875, 399992.21875], [787893.125, 812468.125], [426021.6875, 450596.6875], [543312.6875, 567887.6875], [373652.375, 398227.375], [943189.375, 967764.375], [356553.8125, 381128.8125], [377830.0625, 402405.0625], [421093.0, 445668.0], [907857.9375, 932432.9375], [1002130.625, 1026705.625], [680241.25, 704816.25], [607666.0, 632241.0], [595933.6875, 620508.6875], [554602.3125, 579177.3125], [361739.0625, 386314.0625], [424472.34375, 449047.34375], [358578.5, 383153.5], [925189.6875, 949764.6875], [336800.65625, 361375.65625], [326464.3125, 351039.3125], [467930.1875, 492505.1875], [741472.4375, 766047.4375], [333023.78125, 357598.78125], [535447.75, 560022.75], [394501.53125, 419076.53125], [345176.375, 369751.375], [799036.75, 823611.75], [449166.9375, 473741.9375], [393597.78125, 418172.78125]]
