
CurrentSamples: 
-3.02792e-05
-1.19209e-07
1.19209e-07
-3.03984e-05
2.38419e-07
-3.06368e-05
3.57628e-07
-4.76837e-07
5.96046e-07
2.94447e-05
7.15256e-07
2.94447e-05
6.09159e-05
5.98431e-05
6.06775e-05
6.00815e-05
9.05991e-05
9.03606e-05
9.05991e-05
0.000120521
0.000151038
0.000120282
0.000151157
0.000120282
9.09567e-05
5.97239e-05
6.11544e-05
2.90871e-05
1.19209e-06
2.90871e-05
8.34465e-07
-3.0756e-05
-6.03199e-05
-0.00012064
-0.000151157
-0.00018084
-0.000241637
-0.0003618
-0.000422597
-0.00048244
-0.000573516
-0.000663638
-0.000754237
-0.000905156
-0.000995278
-0.00105631
-0.00105524
-0.00111687
-0.00117612
-0.00120699
-0.00123715
-0.00120604
-0.00117767
-0.00114512
-0.00117803
-0.00114512
-0.00105691
-0.000934482
-0.000814915
-0.000663757
-0.000573039
-0.000392675
-0.000150323
-7.15256e-07
0.000121355
0.000180244
0.000272036
0.000482082
0.000694036
0.000904799
0.00102568
0.00108576
0.00108647
0.00108516
0.00111711
0.00111532
0.000965834
0.000693679
0.000542641
0.000422835
0.000270844
0.000151396
-0.000151396
-0.000512481
-0.000814915
-0.0010252
-0.00105643
-0.000994921
-0.00108659
-0.00114608
-0.00117683
-0.00111616
-0.000935197
-0.000724077
-0.000482798
-0.000331759
-0.000181079
0
0.000331759
0.000723958
0.00102532
0.00132787
0.00147724
0.00175071
0.00211036
0.00250483
0.00289512
0.00319827
0.00340819
0.00362039
0.00389111
0.00407267
0.00422323
0.00425315
0.00419343
0.00410223
0.00389171
0.00380099
0.00377059
0.00371075
0.00358927
0.00334907
0.0029254
0.00241411
0.00192976
0.00162959
0.00147784
0.0013572
0.00120723
0.000904202
0.000573635
0.00018084
-0.000181317
-0.00060308
-0.000995755
-0.00117671
-0.0013572
-0.00153899
-0.00183976
-0.00229311
-0.00280535
-0.00319803
-0.00361943
-0.00410354
-0.00461447
-0.0050993
-0.00539911
-0.00546074
-0.00539982
-0.0053091
-0.00543058
-0.00558031
-0.00558138
-0.00542986
-0.00506794
-0.00464618
-0.00425267
-0.0039227
-0.00355887
-0.00298715
-0.00220203
-0.00147796
-0.000815153
-0.000119925
0.000632524
0.00147903
0.00241244
0.00319827
0.00389099
0.0045855
0.00542998
0.00612366
0.00645578
0.00657606
0.00657654
0.00660634
0.00672722
0.00672698
0.00633502
0.00567126
0.00494719
0.00422347
0.00346875
0.00268507
0.0017494
0.000663757
-0.000452518
-0.00159895
-0.00259411
-0.00334895
-0.00401175
-0.0046463
-0.00533879
-0.0060643
-0.00657582
-0.00669742
-0.0064255
-0.00585198
-0.0054307
-0.00524831
-0.00521958
-0.00491667
-0.00428414
-0.00346887
-0.00268507
-0.00202107
-0.0014782
-0.000754356
0.000181198
0.00114596
0.00208187
0.00277483
0.00319803
0.00346863
0.00389183
0.00437391
0.00482666
0.00515842
0.00533926
0.00546026
0.00536942
0.00530922
0.00521886
0.00515819
0.00500786
0.00464535
0.00419319
0.00365007
0.00334835
0.00316751
0.00289583
0.00229263
0.00156868
0.000844359
0.000301838
-3.05176e-05
-0.000392079
-0.000784397
-0.00135756
-0.00202131
-0.00268459
-0.00328875
-0.00383055
-0.00455594
-0.00536907
-0.00618458
-0.00675738
-0.00717938
-0.00736117
-0.00751102
-0.00781345
-0.00829601
-0.00871778
-0.00896025
-0.0090189
-0.00880969
-0.00844586
-0.00802505
-0.00775218
-0.00751209
-0.00711894
-0.0063051
-0.00540006
-0.00455463
-0.00386226
-0.00307608
-0.00211263
-0.000964522
0.000180483
0.00111639
0.00208127
0.00301659
0.00383115
0.0044347
0.00491667
0.00540042
0.00576103
0.00609434
0.00630426
0.00621438
0.00615418
0.00615346
0.00612438
0.00591207
0.00564134
0.00527918
0.00497699
0.00476694
0.00449395
0.0039829
0.00334752
0.00268567
0.00189948
0.00120747
0.000753522
0.000513077
0.00024116
0.00018096
9.04799e-05
1.19209e-07
-9.08375e-05
-0.000150561
-3.57628e-07
0.000271678
0.000633478
0.000904679
0.00108635
0.00120628
0.00150847
0.00190043
0.00223207
0.00247395
0.00274467
0.00301719
0.00331759
0.00346994
0.00352836
0.00356078
0.00364888
0.00353062
0.00328696
0.0029875
0.0027442
0.00280631
0.00298584
0.00304699
0.00274527
0.00214136
0.00153887
0.00120616
0.00102592
0.000814199
0.000482798
-9.09567e-05
-0.00054276
-0.000754476
-0.000904918
-0.00105584
-0.00150859
-0.00208104
-0.00268543
-0.00325739
-0.00356054
-0.00367951
-0.0038923
-0.00413215
-0.00449562
-0.00497699
-0.00543046
-0.0059427
-0.00636518
-0.00663698
-0.00681734
-0.0068481
-0.00678742
-0.00660646
-0.00636554
-0.00618374
-0.00612426
-0.00600302
-0.00579202
-0.00549066
-0.00500727
-0.00422406
-0.00322688
-0.0021733
-0.00126565
-0.000514388
9.19104e-05
0.000783205
0.00175023
0.00298619
0.00443447
0.00558078
0.0062747
0.00666654
0.00708938
0.0076319
0.00808489
0.00841618
0.00844693
0.00826514
0.00811529
0.00817478
0.00832617
0.00826561
0.00784314
0.0070591
0.0060935
0.00503778
0.00407267
0.00310671
0.00223279
0.00135684
0.000573754
-0.000211716
-0.00108564
-0.00196123
-0.00268459
-0.00316751
-0.00340915
-0.00364971
-0.0038619
-0.00410235
-0.00428367
-0.00449514
-0.00434375
-0.00389183
-0.00349939
-0.00334823
-0.00349998
-0.00364947
-0.00353026
-0.00304615
-0.00244415
-0.00193036
-0.00162923
-0.00141799
-0.00123656
-0.000845194
-0.000271201
0.000361681
0.000844717
0.0012368
0.00150824
0.00196064
0.00250387
0.00331831
0.00428343
0.00509834
0.00576127
0.00624502
0.00660586
0.00699914
0.00763154
0.00820577
0.00853658
0.00853765
0.00829506
0.00811565
0.00805342
0.00799501
0.00772178
0.00705969
0.00618351
0.00524938
0.00437367
0.00337911
0.00226212
0.0010258
-0.000301838
-0.00165927
-0.00304687
-0.00446463
-0.0060035
-0.00766218
-0.00923133
-0.010528
-0.0115238
-0.0123682
-0.0131227
-0.0138465
-0.0144496
-0.0147822
-0.0149016
-0.0148127
-0.0146301
-0.0143601
-0.0139967
-0.0136359
-0.0131222
-0.0123686
-0.0113728
-0.0102265
-0.00908017
-0.00787354
-0.0066669
-0.0053395
-0.00383127
-0.00229275
-0.000995398
-2.38419e-07
0.000814795
0.00165868
0.00250423
0.00349891
0.00446498
0.00530875
0.00582254
0.00603282
0.00636554
0.0068171
0.00721014
0.00748098
0.00772262
0.00781345
0.00772178
0.00772393
0.00787175
0.008026
