0.00678814
0.0095713
0
0.00769785
0.00326054
0
0.00702178
0.0046017
0
0.00117052
0.000306184
0
0
0.0236243
0
0
0
0.0019848
0
0.00717526
0
0
0.0064357
0
0.00082938
0
0.00262817
0.00513804
0
0.718262
23.1988
0
9.94957
0
0
0
0
1.41716
33.8746
13.0247
0
13.4751
0
0
0
0
23.1391
0
0
4.10027
5.70974
0
9.86495
0
2.98998
9.03221
0
0
27.7186
0
0
0.0218353
0
0
1.51266
0
0
0
0
0
0
4.43409
0
0
3.72918
0
1.68378
5.87417
0
3.00822
21.8423
0
0
10.3096
0
15.5115
0
0
2.99748
7.81991
1.30262
0
0
0
2.65425
0
0
8.96671
0
0.102709
0
15.1726
0
1.34488
0
4.20166
6.29334
0
0
0
7.63296
0
0
0
4.09878
0
2.13771
15.9254
10.5916
0
17.0959
5.16199
0
8.41319
0
0
0
1.27904
0
0
1.18247
9.73365
0
0
0
0
0
0
0.112831
0
0.00298831
0.0554459
0
0.0570165
0
0
30.2121
47.6927
0
0
0
4.0101
0
0
0
0
0
0
0
0
0.244848
0
0.0364941
0.366374
0.159121
0
0
0
0.23079
0
0.1952
0
0
0.00388783
0.0155243
0
0
0.0230479
0
12.4839
0
0
0
0
0
0
0
0.0207161
0
0
0
0.0115943
0
0
0.0028866
0
0
0.00925901
1.90004
0
0
0.47117
6.73519
0
0
0
0
0.0804691
0
0
0.037818
0
0.0428992
47.5564
0
0
0
1.60124
0
1.17032
0
0
0.193689
0
0.392928
0
0.117242
0
0
0.0854606
0.0909122
0
0.0319102
0.0282829
0.0268376
0
0
0.0167387
0
0.037427
0
0.0220733
0
0
0
0.0047175
0
3.66566
85.7189
0
0
0
0
0
0
0
0.291519
0
0
0.559319
0
0
0
0.367853
0
0.681765
0
0
0.0692855
0
0
0
0
0
0.0640152
0
0
0.0573192
0
0.0541038
6.49948
51.2233
18.4279
0
0
0
0
0
6.23081
0
0
0
0
0.469488
0
0
0.0488988
0.638551
0.0932543
0
0
0.410997
0
0.08334
0
0.0507333
0.0867441
0
0
0
0
0.0929309
0
0.00495423
0.0147236
11.0053
0
0
0
0
0.00304901
0.0231757
0
0
0.00672909
0
0
0.000111476
0.00264666
0
0
0.00108722
0.135947
5.16739
1.51647
4.55795
0
0
0
0
0.0233551
0
0
0
0.0320702
0
14.2689
23.6551
7.31286
0
0.56641
0
0
0
0.105031
0
0.553656
0.986337
0
0.636369
0
2.4332
0
2.27072
0
1.68773
0
1.19876
0
1.01352
0
0
0.776854
0
0
0
0
0
0.0764397
32.5518
0
0
0
0
0
0
0
0
0.0112572
0
0.0234049
0
0
0.00342616
0
0
0.160106
0.169318
1.7887
0.214241
0
0
0
0
0
0.0142542
0.0433077
0
0.00223973
0.013079
0
0.0326525
0
44.3089
51.182
0
0
0
0
0
0
0
0
0
0.294829
0.423836
0.152882
0
0.692913
0.616086
0.153299
1.66605
0
0
0
0
0
0
0
0
0
0
0.270646
0
0.00155702
0.137643
0
0
0
0.040193
0
0
0
0.000308713
0.0209945
0
0.0202014
0
0
0
0.191255
2.4456
0.298487
3.79835
0.850228
0
1.04813
0
0.591842
0
0
0
0
0.0573597
0.000841498
2.83897
50.3797
13.8551
0
0
0
0
7.24348
3.28029
0
0
0
0
0
0
0
9.85798
50.7153
0
0
0
0
1.15368
0
0
3.48849
0
0.0870299
0
0
0
0.0310088
0
0.0381205
7.09784
34.6763
0.483959
0
0
0.98994
0
8.1565
0.828804
0
0.229105
0
0
0.101693
0
0
0
1.55153
9.4622
8.34583
0
10.4546
0
0
0
2.34714
0
0
0
0
0
0
0
0
21.564
1.41653
41.3608
0
0
0
3.00047
0
5.86553
0
3.92171
5.40736
0
4.4113
8.53654
0.85224
6.64844
0
0
0.724577
0
0
0.207406
6.32603
27.3008
0
0
0
0
0.190806
0
0.0585973
0
0.925509
0.191408
0
2.04991
1.149
0
0
2.61828
1.98256
2.08617
5.93763
14.8483
0
0
0
3.6248
0.413278
0
0
2.87181
0.604784
0
0.524342
14.7111
8.53931
0
3.47826
0
0
0
0
4.94255
0
0
0
0
0
0
0.576066
2.50677
0.627135
0.933005
0
2.1391
0
0
0
3.10639
0.145455
0
1.22072
0
2.20445
0
9.63614
0.37212
0
3.22288
6.83741
1.12981
0
0
1.86993
0.782448
2.07409
0
19.3468
0
0
0
8.59508
0
0
9.67719
0
0
0
0.555373
0
0
2.40039
0
0.516063
0
0
0
0
0
0.0757545
0
0.0400761
0
0
0.0698323
0
0
0
0.0254455
0
0
0
0.0124783
0.0488347
14.6989
27.6693
22.9411
2.39063
0
0
0
0
8.21181
0
0
0.88268
0
0
0
0.551528
0
0
0
0.119575
0
0
0
0.438674
0
0.0179982
0
0
0.074077
0
0.0269381
0.0541345
9.38132
11.4596
0
0
0
0
0
0
0.0166131
0
0
0.0436242
0
0
0
0
0
0
0.207596
20.7008
5.59667
0
1.29819
0
0
0
0
0.319337
0
0
0
0
2.46117
18.8249
35.5777
0
0
0
0
1.46301
0.0213418
0.333829
0
0.908409
0
2.06867
0.697834
0.0560522
0
3.17629
0
1.77766
0
2.87038
0
1.10959
0
1.73315
0
0
0
0
0
0
0.0570858
0
0
25.8864
36.0334
0
0
5.62887
0
0
0.489236
1.56628
0
2.5903
0
2.225
0.128001
0
0
0
2.02253
0
2.344
0
1.29172
0
0
0
3.10738
0
0
0
0
0
0.0158962
0
0.0669837
0.0395632
45.8699
39.4788
0
0
0
0
0
0
0
0.098174
0
0
0.918616
0
0.361059
0
0.160796
0
0
0
0.156927
0
0
0
0
0.0701276
0
0.0223488
0
0
0.0272865
0
0.326568
8.45843
0
0.0645864
0
0.0138629
0
0.00537373
0.0162664
0
0
0.00387482
0.00371463
0
0
0
0.00248877
0.0382057
2.83381
2.55241
3.17142
0
1.6783
0
0.535094
0
0
0
0
0
0.0483255
0.511278
24.0498
2.34547
0
0
0
0
0
0
0.267375
0
0.641422
0
0.943302
2.88431
0
0
1.37316
0
1.45823
0
2.12466
0
4.56594
0
5.42138
0
3.77705
0
1.06467
1.28454
0
0.644066
0
3.17194
2.26567
14.8079
0
0
0
0
0.0174668
0
0
0.107685
0
0
0
0.0447532
0
0
0.0219175
0.00713183
0
0.0364397
0
0
0.0187312
0
0.0107771
0
0.0298395
0
0
0.00164734
0.00273366
0
0.0111514
0
0.00282177
28.3373
44.4033
0
0
0
0
0
0
0
0
0.00744712
0
0.4766
0
0
0
0
0.25663
0.0781127
0.289246
0
0
0
0
0.020066
0.0543196
0
0
0
0.00173578
0.0333628
0.0258642
0
0.00477983
15.0348
0
0
0
0
0
0.00171179
0.0366573
0.00277826
0
0
0.00601192
0
0
0.0123609
0
0.00497246
10.285
0
1.7317
0
1.42623
0.041533
0
0
0.873239
0
0.327093
0
0
0
0.125885
0
0.642809
0
0.314683
0.10715
0
0
0
0
0
0.0159922
0
0
0.0177078
0
0.00371864
0.0207727
0
0
5.98453
1.04197
9.43973
0
0
0
0
0
0.30164
0
0
0.0397948
0
13.1819
18.4769
0
0
0
0
0
5.28062
0
1.16874
0
1.27861
0
0
0.196097
0.752262
0
0.981933
0
0.521198
0.088744
0
0
0.102151
0.0931675
0.849699
0
0
0
0.0913329
0
0
0
0.0621659
0
14.3111
61.4798
0
0
0
0
1.21246
0.539551
0
0.22843
0.638047
0
0.291289
0
0.396669
7.98256
5.25661
0
1.40832
0
0
0.672192
0
16.0698
25.0135
0
4.95815
0
0
0
0
0
0.0579533
38.1078
0
6.83729
6.45011
0
0
8.64365
0
6.13128
9.11331
0
0
1.45863
0
1.39297
0
0
1.35249
0
0
1.92691
0
0
0
1.05868
0
0
0.0435108
0.668379
0.247825
0
1.49719
0.035938
0
2.42962
0
0.678045
0.842041
6.89145
0
0
5.31456
0.509558
0
1.9168
11.3714
0
5.66148
3.70201
0
5.30821
0
1.27031
0
0
6.48132
0
0
0.353772
0
8.72005
0
0
0
0
1.88344
1.49283
0
0.960747
3.43413
0
0.131294
5.45591
8.0885
6.77341
3.03516
0
0
13.6527
0
6.09937
0
2.16141
0
0
0
0
0
0.329094
0
2.90385
0
0
0
0.242625
0.401714
0
0
0
0
0
0.108842
36.8306
13.1696
22.4138
0
0
0
0
0
5.38001
0
0
0.814244
0
0.382914
0.21578
0
0.169834
0
0.541474
0
0
0
0
0
0.0419332
0
0
0
0.0102314
0
0
0.1688
0.214254
12.0554
0
0
0
0
0
0
0
0.0211878
0.0122655
0.0380943
0
0
0
0
0
0
2.7993
1.35546
0
2.86889
0
3.68449
0
0.0417404
0
0
0
0
0
0
0.0470762
6.41381
29.3902
0
0
0
0
0
0.186064
0
0.248365
0
0
2.83221
0
2.64047
0
3.56262
0
1.51694
0.624186
0
1.18467
0.560468
0
0.495561
0
0
0
0
0
0.011159
0.0106276
0.00571906
0
28.9829
36.0319
0
0
0
0
0
0.745389
0
0
0.383653
0
0
0
0.668849
0
0.750857
0
0
1.17693
0
0.128562
0.090361
0.0659618
0
0
0
0.0407518
0
0.0602868
0
0.0210354
0
31.4974
64.5764
0
0
0
0
2.55508
0
0
0
0
0
0.0490125
0.199522
0.557484
0
0.235677
0
0.0897404
0
0.192918
0
0
0
0.0249901
0.0109635
0
0.0205352
0
0
0.0252282
0
4.15124
0
0
0
0.0271163
0.0889487
0
0
0
0
0
0
0.016267
0.011839
0
0.00384075
0
0
0.0031617
3.04521
2.18467
0
3.25041
0
0
0
0
0.0423616
0
0
0
0
6.76418
0
8.5658
8.11774
0
0
0.0166936
0
0.326653
0
1.37507
0
0.76158
0
0.618022
0
0
1.75929
0
0
2.55777
0
2.32661
0
5.96347
0
3.05031
0
1.2962
2.37672
0
4.01231
0
1.37814
2.37748
0
0
0
0.0215875
0
0.0781702
0
0.0560237
0
0
0
0.01308
0
0
0
0.00240984
0
0
0.0149427
0
0.0138378
0
0.015635
0
0.0161277
0.00245794
0
0.0369425
0
0
0.00329882
0.00842016
0
0.00792451
17.116
74.6962
0
0
0
0
2.77336
0
0
3.00286
0
0
0.051123
0.541156
0.195599
0
0
0
0
0
0.283006
0
0
0
0.0168312
0.0336166
0
0.0620536
0
0
0.00703239
0.00816212
10.6022
0
0
0
0
0
0.0362845
0
0.014965
0
0
0
0
0.0132694
0
0
0.00134039
0.865676
2.82405
2.18497
0
0.362003
0
0.833271
0
0
0.0868552
0
0.124807
0
0
0.0012452
0.0217574
49.939
20.8998
0
0
0
0
0
11.8096
1.39633
0
0
0
0
0
0
2.29333
34.9782
37.6326
0
0
0
0
0
0
3.24379
0
2.28261
0
0
0
0
0
22.8917
32.8923
0
0
0
2.02314
0
0
1.00248
3.75152
4.19701
0
0
4.70807
0
0
0
3.06671
0
22.0784
0
0
3.16542
0
0
0
0
0
0.116392
0
0
0
0
0
34.9013
0
11.328
0
0
0
2.4413
0
0
9.58454
0
16.2933
0
0
0
13.7573
2.2208
2.80958
0
0
2.62642
0
0
0
2.86451
20.0628
16.5347
0
0
0.835939
0
0
0
1.08705
0
1.03031
0.361713
0
0.398895
1.67778
6.05104
0
7.34058
2.48804
0
0
7.6316
0
0
0
1.85351
2.29318
0
7.61141
1.19764
4.68451
0.403008
3.4025
0
0
0
2.34248
0
0.0787086
0
0
0
0
0
0.319256
3.60071
1.20827
0
0.401525
0.189351
0
0
1.54967
2.06306
0
0
1.88
0
0.159739
2.01103
0
0.544241
8.18738
0.945957
2.41237
0
2.61581
6.71363
3.07643
0
0
8.88973
8.12969
0
6.10109
0
0
0
0.941565
2.05728
0
0
10.0055
0
0
3.93421
0
0
2.72561
0
0.773714
0
0.411665
0
0
0
0.00577924
0
0.122144
0
0.0271868
0
0
0.0271918
0
0
0
0.000479288
0
0.0154675
0.0275425
29.2606
19.8482
20.2989
0
0
0
0
0
7.04228
0
0
0.0457728
0.888531
0
1.15133
0
0.792218
0
0
0.0323051
0
0
0.0363695
0.49413
0
0
0
0
0.00553463
0
0.0353168
0.0693312
22.8467
0
0
0
0
0
0
0.00757554
0
0
0.0377026
0.0101919
0
0
0
0
0
0
1.72404
30.389
0
4.76192
1.34268
0
0
0
0
0.267623
0
0
0.0888231
0
7.7961
34.4694
0
0
0.739525
0
0
0
0
2.71187
0
1.8463
0
5.03193
0
4.50819
0
6.51911
0
5.26894
0
3.73191
0
1.35796
0
1.21121
0
0
0
0
0
0
0.0613509
0
0.0414049
56.8371
0
0
0
0
0
0
1.42609
0
0
0
1.88457
0
4.05556
0
0.657209
0
2.93426
0
3.23297
0.0178504
0
0.803345
0
2.37359
0
0
0
0
0.00966181
0
0.00475662
0
0.0725781
9.05379
68.7762
0
0
0
0
0
0
0
0
0
0
0.0139804
0.790192
0
0.046268
0
0
0
0
0.0863563
0.0720947
0
0
0.0234056
0.035703
0
0.027681
0
0
0.00764431
0.0122226
0
3.45489
2.42796
0
0
0
0
0
0.00671942
0.011143
0
0
0
0.00897944
0
0
0
0.0387324
0
4.38352
2.87454
0.723409
0
0
0
0
0
0
0
0
0.0941137
0
3.14986
27.4976
0
0
0.288865
0
0
0
0
0.83068
0
0.77873
0
3.72466
0
3.82416
0
4.63253
0
4.62056
0
4.09503
0
5.67027
0
5.36646
0
1.42576
3.10911
0
4.49272
0
0
0.788404
0.00498104
8.47286
3.57783
0
0
0
0
0
0
0
0.0663247
0
0
0
0.0357428
0
0.0171546
0.00851702
0
0.00796581
0.0192976
0
0
0.0282163
0
0.00139806
0
0.0128221
0
0.00712634
0
0
0
0.0107594
0
0.0203336
40.2707
44.6972
0
0
0
0
0
0
0
0
0
0
0.701132
0
0
0.0354235
0
0.310323
0.162038
0.331561
0
0
0.00360766
0
0.0108527
0.0739059
0
0
0.00785773
0.0035191
0.0587379
0
0
0
18.3175
0
0
0
0
0
0.00687449
0.0499285
0
0
0
5.00046e-05
0
0
0.0023742
0.0158362
0
13.0781
0
3.25647
0
0.391845
0.365508
0
0
0
0
0.0322423
0
0
0.0229579
0.146323
0
33.2314
9.55534
0
0
9.22442
0
6.06267
2.48568
0
7.76287
0
0
10.6612
0
2.55315
3.67919
0
8.7209
0
7.72325
0
0
13.7076
0
2.48857
0
0
6.24418
0
4.54373
0
0
4.5607
0
0
1.28273
0
2.25276
0
0
1.11698
0
0
0.940934
0
0
0.0542033
0.00743853
0
0.0331535
0
0
0.00730794
0
0
0.00966965
0.0550916
0.0079038
0
0.0298138
0
0.00572161
0.0191509
0
0.00251278
0.0097562
0.00467561
0
0.0349382
0
0
0.0177162
0
0
0.00759479
0
0.00201632
0.0255976
0
20.7546
37.0194
0
0
0
0
7.15583
38.7253
4.76605
18.8613
0
0
0
0
21.5591
33.7769
0
5.29649
5.72849
0
3.52691
0
0.981071
0.561199
10.9591
0
0
11.1758
0
0
6.19496
0
1.31374
0
0
0.880093
1.94633
0
0
0
6.4376
0
0
0
2.32393
0
0
3.50259
5.06007
0
0
10.7337
0
6.95182
75.2066
80.6449
0
0
0
0
5.39816
3.74204
5.01487
0
0
0
9.64739
0
0
0
9.06866
41.2601
0
0
12.1031
0
1.00981
0
18.0294
0
0
0
0
7.98713
0
0
0
7.54167
27.6551
0
0
8.4444
4.90854
20.1987
0
3.91417
14.6718
0
8.9409
0
0
0
8.08017
0
46.627
90.8884
0
0
0
3.22944
0
0
5.41341
0
1.57533
1.54086
0
2.6552
0
0
19.4456
46.5925
1.01593
0
0
2.91924
0
0
2.21318
0
3.66776
0
0
3.64711
0
3.27652
0
0
4.17084
0
1.41841
0
0
2.19236
0
3.00306
0
0.196642
1.52409
0
2.71399
0
0
11.4861
0
0
0
0
0.72578
0
1.57362
0
0
0.234618
0
0.369181
0.338681
0
0.977795
0
0.0548785
0.674552
1.61437
12.0548
0
0
108.282
0
0
0
0
0.427973
0
0
5.01695
28.6929
0
70.047
90.7194
0
0
0
0
0.508179
0
0
0.337407
0
0.169184
0
0.327266
0
0
0.0457262
0
0.267138
0.391963
0.154597
0
0.0481492
0
0.169402
0
0.121455
0
0
0
0
0
0.125905
2.23879
164.239
0
0
0
0
0
0
0
0
0
0.304339
0
0.545195
0
0
0
2.20571
40.6456
0
0
0
0.256449
0
0
0.88152
0
2.49599
0
0.110503
0
0
0.448563
1.29981
78.7749
0
0
0
0
0
0
0
0
9.07593
0
0
0
0.422196
0
0
0.871018
4.60231
14.1966
5.17551
0
0
0
0
0.423386
0
0
0
1.78697
0.377349
0
0
0.0332254
9.54883
18.1253
0
0
0
0
0
0.60039
5.88666
1.22836
0
0
0.542164
0.0531385
0
0
0.160318
0.922394
0
0.319579
1.94646
16.8431
45.281
19.3584
0
0
0.701603
0
0.354273
0.199661
0
0.932771
0.0626235
15.3524
96.7258
0.240959
0
0
0
0
0
0
0
0
2.08965
0
0
0.397501
0
3.13936
3.72007
32.2375
0
6.12906
0
0
0
0
0.783054
3.06746
0
0
0.088431
1.05163
0.868161
0
13.8549
10.1153
0
8.87689
0
0
0
0.530799
0
4.02027
5.66017
0
0
0
0.597503
0.329243
0
0
0.959672
2.18942
0
2.06495
9.62069
81.4924
0
0
0
0
0
0
0
0.0290557
0
0.0488722
45.6725
33.4327
0
0
0
0
0
0
0
0
0
0
0.705061
0
0
1.38462
0
0.398827
0.666972
1.41456
0
2.52301
84.337
0
0
0
0
0.109708
0
0.248413
0
0.0455838
0.0873616
0
0.877168
1.53829
0
0.810105
0
0
0
0.0428415
0
0
0
0
0.0334973
0.0496618
0.462304
4.48282
1.37799
0
9.59591
10.9967
0
51.6718
32.317
0
0
0
0.156728
0
0
34.4065
31.3644
4.44724
0
86.1349
9.26413
0
0
0
0
3.52153
0
0
0
0
1.76864
45.9389
7.33065
0
0
0
0
0
1.03527
3.96246
0
3.47043
0
0
0
0.0615746
0
0.0142582
1.72352
29.6661
15.6962
0
0
126.654
22.9094
0
0
0
0
0
0
0
0
0
3.29423
2.12973
1.29641
2.4609
10.7742
82.71
45.7711
0
0
54.9998
0.413071
0
0
0
0
4.26015
8.0161
3.45492
0
5.46358
39.0797
0
0
0
2.30362
2.74611
0
0
3.26649
4.90077
0
9.64898
5.97428
0
5.87893
0
11.2514
0
0
2.92278
1.35252
0
21.3338
0
0
0
2.64949
0
0
0
3.66293
0
0.514177
0
3.82835
37.5014
136.927
60.6363
0
0
0
8.52208
23.15
0
0
6.48219
0
3.13856
0
1.04435
2.01136
0
118.272
0
16.2178
0
2.12501
0
0
5.33
0
0
3.76333
0
0
0
0
0
70.5886
112.35
0
0
0
0
0
0
0
6.6326
0
0
0.66237
0
2.95167
3.24413
0
9.54424
36.493
0
8.5307
0
0
4.05729
0.571882
7.42095
0
0
18.776
2.49258
0
0
0
3.20784
0
16.09
22.5531
0
4.4577
0
0
4.24681
0
5.42078
0
0
0
0
0
0
17.625
182.095
0
0
0
0
0
0
0
0
0
0
0.00956567
0
0.161906
0.26288
0
50.5113
21.9565
0
0
0
3.43417
0
0.427162
1.27859
0
0
1.86522
0
0
1.00946
0
0.795335
0
1.06645
1.042
0
0
0.312205
0
0.118089
0
0
0.0430204
0
0.0162608
0.0267023
0.474925
26.2407
0
0
1.64829
0
0.329752
0
0
0
0
0.0622551
0
0
0.0406949
0
0.062198
0
0
5.42983
27.6504
0
0
5.22561
100.727
0
0
0
0
0
0
0.0465192
0.0145665
33.1201
0
11.7452
180.523
0
0
0
0
0
0
0
0.204401
0
4.95589
0
3.95457
0
4.89568
0
2.53506
0
0
0
0
0.584871
0
0
0
0
0
0
0.0498967
0.00420019
0
5.31354
58.8799
51.9644
15.6462
0
0
0
0
2.62492
0
2.22938
0
4.2336
0
3.48073
0
0
0.717839
1.49045
29.6885
4.80125
0
0
0
0
5.96288
0
0
0.778748
0
0.702543
0
0.786276
0.172058
0
36.3129
38.425
0
0
0
0
0
0
0
0.417194
0
0.0485919
0
0
0.289439
0
0.750697
23.8201
200.558
13.9191
0
0
0
0
7.86999
0
0
0
0
1.02667
0
0
3.61766
5.63802
75.1072
50.1592
0
0
17.7168
0
0
16.993
0
14.4221
0
0
13.1452
0
0
0
1.44547
5.81909
0
5.71937
0
0
2.38167
0
0
0
0.599097
0.383451
0.254139
0
12.2561
21.7257
0
27.8134
114.74
0
0
2.75104
0
0
10.6545
5.93427
0
32.998
0
9.67772
0
0
5.66739
0
9.73661
2.92676
0
0
0
0
0.689167
1.12832
0
0.61267
0
1.04064
0
2.52323
0
17.744
0
14.5768
11.6414
0
0
0
0.902087
0
2.54153
6.21331
0
0
0
0.933019
0
0.109467
0
0.395611
19.3442
0
0
0
0
0
0
0.0108452
0
0.00377345
0
0.0249662
0
0
0
11.1755
71.2583
0
0
0
0
0
0
0
0
0
0
0
0.459735
0
0
0.0309156
0.0130813
0.414521
3.08622
0
0
0
0.0112513
0
0.0246684
0.0997044
0
0
0.0255578
0
0.0513643
0
0.0372493
39.3718
92.9345
0
0
0
0
0.242233
0
0
0
0
0
0
0.0503698
0
0.0200122
0
0.0639492
13.6833
11.9441
0
0
0.0699155
0
0
0.752854
0
0
0.0624031
0
4.81311
24.1228
0
16.083
124.498
16.8603
0
0
0
0
0.801306
0
0
0
0
0
0
0
2.32476
0
94.2908
110.158
0
0
54.6696
0
0
2.07468
0
0
0
0
0
0
4.02078
25.0416
6.92456
0
47.0792
0
0.111961
0
0
0
0
3.16453
0
0.02874
0
2.20544
0
0.59754
0.191977
5.08976
39.9104
0
0
0
0.745543
0
0
0
0
2.45352
0
0.494286
1.23632
0
0
0.654648
57.6614
10.7108
0
0
0
0
0
0
0
1.10288
0.0811496
0
0.478614
0.63309
3.18625
0
12.885
94.7052
88.3931
0
0
0
0
10.9274
6.48099
0
0
0
0
9.44926
0
3.62311
30.3718
0
116.095
0
0
4.13178
0
4.46087
13.5025
0
17.7055
16.0088
0
0
0
0
5.20296
0
0
0
2.16982
0
0
0
0
0
0
1.49313
0.110216
0
0
2.78637
0
2.46469
19.8647
138.575
0
0
0
3.78149
0
0
0
0
4.31066
0
13.4226
0
0
26.2255
0
22.2551
8.16233
0
31.0403
0
0
10.4376
0
14.1628
0
0
1.67005
0
6.56369
0
0
1.49036
0
24.8144
0
0
0
0
16.683
0
0
17.4239
1.01024
0
11.2631
0
2.10933
7.0435
0
101.248
7.31287
0
0
0
5.73441
0
0
0
0
4.55255
0
0
2.21186
0
2.17775
36.5023
40.5642
0
9.9228
0
2.28083
0
0
0
4.30554
0
0
4.67161
0
0
5.15393
0
2.81998
0
0.769467
0.326494
0
0
0.233203
0
2.71963
0
2.35953
0
0
2.94837
0
1.56151
0.194632
10.5529
0
0
0.796998
0
0
1.81529
0
0
0.173264
0
1.05174
0
0
0.804423
0
0.271251
1.75402
2.15986
2.65359
0
48.9572
27.5527
0
0
0
0
0.044481
0
0
7.33237
27.1873
0
124.641
37.743
0
0
0
0
3.28906
0
0
1.96881
0
1.9163
0
0.787961
0
1.22028
0
0
3.61085
0
0.252527
1.04677
0
0.250653
0.471299
0
0
0
0
0
0
0.0738264
0.127534
9.38493
106.478
0
0
0
0
1.37186
0
0
0
0.043605
0.325019
0
0
0.733771
0
0.158135
23.0348
0.888971
7.56679
0
0
0
0
0
0.891156
0.0151572
1.91091
0
2.05703
0
0.00269938
0.966369
17.3834
50.2018
0
0
0
0
1.46158
0
0
0
0
0
0
0.806196
0
0.150133
0
0.513487
17.7358
5.08074
0
0
0
0
1.29394
0.224704
0
0
0.99844
0.990739
0
0
0.932158
2.83642
8.4953
18.4057
0
0
0
0
0
2.36531
8.67801
0
1.6728
0
0.860601
0
0
0.103196
0.835916
1.68722
1.67626
1.52378
0
13.564
101.299
0
0
0
0.231791
0
0
0.98557
2.38394
5.79423
0
92.7837
77.9216
0
0
0
0
0
8.59972
0
0
0
1.66369
0
2.52633
0.452226
2.1171
2.84134
0
41.1962
0
6.6724
0
0
1.09885
0
0
0.940279
1.27112
0
2.57745
0
0
4.06679
0
8.33185
9.14464
4.12998
0
0
0
0
0
5.75879
3.55699
0
0
0
0.0412598
0.0611143
0
0.274521
0.803424
0.395351
0
1.51747
50.1619
32.293
0
0
0
0
0
0.0248053
0.0312358
0
0.0412222
0.0670879
82.9227
7.25943
0
0
0
0
0
0
1.87843
0
0
0.0549958
0.773158
0
0.541838
0
0
0
0.485452
0.763123
0
13.3745
80.1793
0
0
0
0
0
0
0.0270795
0
7.9137
0
0
1.1873
1.96561
0
0.272655
0
0
0
0
0
0.0133698
0
0
0
0
0
3.44566
3.39412
0
11.1546
0
0
90.8829
0
0
0
0
0.129521
0
0
0.143124
34.5131
26.684
9.24723
52.497
0
0
0
0
0
0
1.34422
0
0
0
0
0
18.1315
48.4645
0
0
0
0
0
5.47656
0
0
1.32182
0
0
0
0
0
13.6401
33.6541
0
0
37.4378
117.56
0
0
0
0
0
0
1.45095
2.0007
0
0
0
4.93793
0
14.9927
5.96848
105.829
0
0
0
14.4785
0
0
12.4191
0
0
10.7268
6.20805
0
8.64542
27.8262
3.06402
2.72393
0
0
1.73784
0
0.622747
1.42021
12.137
3.29685
0
0
1.20823
8.69985
0
0
0
21.8694
0
3.44653
0
0
0
7.3285
26.6168
0
0
0
0
0
0.0749178
0.136645
0
0.401206
0.0319304
98.5171
125.962
0
0
0
0
0.547684
0
0
0
9.99864
0
0
4.91573
0
0
54.2168
31.4176
0
2.75929
0
0
0
0
3.33175
0
1.3467
0.330989
0
1.04604
0
0.00270414
0
117.28
34.434
0
0
0
0
0
0.764256
5.25859
0
3.61499
0
2.56144
3.38119
1.31854
0
8.17703
4.81522
8.66938
17.3152
0
0
11.5617
0
0.416048
0
2.83264
0.942759
0
0.522757
10.9962
0
0
1.14026
24.9589
0
0
0.253914
0
5.47262
0
1.36118
12.2878
0
17.0159
0
0
0
0
3.14369
42.1466
119.806
0
0
0
0
0
0
0.0327929
0
0
0
0.143349
0.0118867
0.688832
0
17.8187
51.6945
0
0
0
0
0
0
0
0
0
1.68475
0
0
0
1.50149
0
0
0.397979
0.701142
0
0
0
0
0.824402
0
0
0
0
0.0359203
0
0.0120546
0.0139221
0.316436
1.48747
1.70239
0.502338
0
0
0
0
0.473282
0
0
0
0
0
0
0
0.0220752
0
0
0.439747
8.81888
0
3.08138
100.937
0
0
4.35524
0
0
0
0
0.930356
18.5597
0
62.107
66.992
0
0
0
0
3.28858
3.39268
3.38964
0
3.05287
0
1.64439
2.37195
5.25185
0
0.1428
1.92423
0
3.92745
0
3.86665
0
2.38854
0
0
0.979636
0
0
0
0
0
0
8.21723
134.634
0
0
0
0
0
0
0
3.26686
0
2.29126
0
0
0.831531
0
2.71287
0.326462
30.9884
0
0
0
0
0
0
3.94554
0
0.982975
0
0
0.796484
0
0
0.0813544
87.0029
0
1.59163
26.5494
0
0
0
0
0
0
3.72924
0
0
0.555134
0
0
0.501537
111.565
113.154
0
0
0
0
0
17.0586
0
0
0.778428
0
10.184
0
3.94279
2.7294
6.95461
96.3747
0
0
7.50739
0
0
11.8726
0
1.49308
18.1529
0
0
3.4176
0
0
0
1.73984
0
0.383383
16.4269
0
0
0
9.45904
0
0.641177
0
0
0
0
0.759826
0
5.57479
84.2627
80.6102
0
0
0
0
0.67569
0.577767
11.5541
6.76217
0
0
8.05713
0
0
14.3805
0
34.5944
0
10.4014
0
0
0
6.12858
3.48087
0
4.80562
0
4.92544
0
0
0.485152
14.1274
0
19.6839
6.36446
0
0
0
0.879708
0
3.7961
6.94799
0
0
0
0.457409
0.258825
0
0.0512821
0.937423
29.5693
0
0
0
0
0
0
0.0079366
0.00729238
0
0.00908698
0.000151914
0
0
0.00839029
26.4969
56.2087
0
0
0
0
0
0
0
0
0.0914954
0
0.665225
0
0
0
0
0.224129
0.310274
3.97046
0
0
0
0
0.0166147
0.0756518
0
0
0
0
0.0253414
0.0442932
0
0.538435
76.7149
45.5297
0
0
0
0
0
0
0
0
0
0
0.0313842
0
0
0
0.0337867
10.4226
0
25.3794
0
0.846891
0
0
0
0.886192
0
0.313421
0
0
7.42316
28.9305
0
33.4326
130.366
0
0
0
0
2.5844
2
0
2.58729
0
0
0.887488
0
3.11987
0
1.00683
2.76918
0
11.9001
0
6.01591
3.15217
0
9.14664
0
5.04964
0
2.74573
4.96323
0
0
2.2646
0
2.00626
0
0
2.2851
0
0.447055
0
0
0
1.11781
0
0
0
0
0
0.00145028
0
0
0.00692316
0.0263087
0
0
0.0660218
0.0308372
0
0
4.22773e-11
0
3.13349e-11
0
0
2.116e-11
0
0
0
3.38218e-11
0
0
2.68727e-11
0
0
2.11742e-12
9.80549e-13
5.18696e-12
0
0
8.72546e-12
2.65459e-11
0
2.07763e-11
0
5.00933e-11
0
